1172.749854 1169.618471 1166.628932 1163.784262 1161.117156 1158.654900 1156.422937 1154.443063 1152.734693 1151.314160 1150.195043 1149.387973 1148.900635 1148.737671 1148.900635 1149.387973 1150.195043 1151.314160 1152.734693 1154.443063 1156.422937 1158.654900 1161.117156 1163.784262 1166.628932 1169.618471 1172.749854 
1171.644543 1167.302267 1163.184980 1159.303583 1155.693060 1152.384082 1149.403461 1146.774337 1144.516494 1142.646531 1141.178003 1140.121472 1139.484511 1139.271683 1139.484511 1140.121472 1141.178003 1142.646531 1144.516494 1146.774337 1149.403461 1152.384082 1155.693060 1159.303583 1163.184980 1167.302267 1171.644543 
1167.389763 1161.871972 1156.663726 1151.782654 1147.265030 1143.143906 1139.446713 1136.197281 1133.415261 1131.117099 1129.316000 1128.022209 1127.243015 1126.982798 1127.243015 1128.022209 1129.316000 1131.117099 1133.415261 1136.197281 1139.446713 1143.143906 1147.265030 1151.782654 1156.663726 1161.871972 1167.389763 
1159.989930 1153.353329 1147.111111 1141.286233 1135.915153 1131.032154 1126.664470 1122.835888 1119.565383 1116.868794 1114.758628 1113.244551 1112.333379 1112.029203 1112.333379 1113.244551 1114.758628 1116.868794 1119.565383 1122.835888 1126.664470 1131.032154 1135.915153 1141.286233 1147.111111 1153.353329 1159.989930 
1149.448401 1141.769637 1134.569195 1127.873759 1121.718785 1116.138545 1111.159205 1106.803730 1103.089857 1100.032335 1097.642623 1095.929531 1094.899220 1094.555377 1094.899220 1095.929531 1097.642623 1100.032335 1103.089857 1106.803730 1111.159205 1116.138545 1121.718785 1127.873759 1134.569195 1141.769637 1149.448401 
1136.042861 1127.429121 1119.374623 1111.908004 1105.062472 1098.870978 1093.357710 1088.544000 1084.445763 1081.076177 1078.445287 1076.560773 1075.427953 1075.049998 1075.427953 1076.560773 1078.445287 1081.076177 1084.445763 1088.544000 1093.357710 1098.870978 1105.062472 1111.908004 1119.374623 1127.429121 1136.042861 
1119.761049 1110.333641 1101.542243 1093.415591 1085.983417 1079.276037 1073.314770 1068.118526 1063.700839 1060.072852 1057.242857 1055.217147 1054.000021 1053.594034 1054.000021 1055.217147 1057.242857 1060.072852 1063.700839 1068.118526 1073.314770 1079.276037 1085.983417 1093.415591 1101.542243 1110.333641 1119.761049 
1100.776322 1090.675824 1081.282243 1072.622546 1064.721801 1057.606411 1051.293991 1045.800267 1041.135885 1037.309519 1034.327403 1032.194212 1030.913071 1030.485824 1030.913071 1032.194212 1034.327403 1037.309519 1041.135885 1045.800267 1051.293991 1057.606411 1064.721801 1072.622546 1081.282243 1090.675824 1100.776322 
1079.246178 1068.627629 1058.779495 1049.725147 1041.483904 1034.077074 1027.517803 1021.817962 1016.984853 1013.024319 1009.940274 1007.735579 1006.412057 1005.970771 1006.412057 1007.735579 1009.940274 1013.024319 1016.984853 1021.817962 1027.517803 1034.077074 1041.483904 1049.725147 1058.779495 1068.627629 1079.246178 
1056.016379 1045.070802 1034.948325 1025.667000 1017.239433 1009.680773 1002.999043 997.201671 992.292250 988.273482 985.146760 982.912980 981.572568 981.125745 981.572568 982.912980 985.146760 988.273482 992.292250 997.201671 1002.999043 1009.680773 1017.239433 1025.667000 1034.948325 1045.070802 1056.016379 
1031.627837 1020.561234 1010.357571 1001.028060 992.577818 985.014964 978.341899 972.561157 967.672364 963.674876 960.567433 958.348877 957.018179 956.574691 957.018179 958.348877 960.567433 963.674876 967.672364 972.561157 978.341899 985.014964 992.577818 1001.028060 1010.357571 1020.561234 1031.627837 
1006.410187 995.428660 985.336043 976.135449 967.823972 960.402061 953.866173 948.213663 943.440060 939.541277 936.513357 934.353064 933.057906 932.626362 933.057906 934.353064 936.513357 939.541277 943.440060 948.213663 953.866173 960.402061 967.823972 976.135449 985.336043 995.428660 1006.410187 
980.691608 969.995548 960.199842 951.298562 943.280497 936.138042 929.861582 924.443177 919.874265 916.147324 913.255752 911.194270 909.958965 909.547465 909.958965 911.194270 913.255752 916.147324 919.874265 924.443177 929.861582 936.138042 943.280497 951.298562 960.199842 969.995548 980.691608 
954.437267 944.205092 934.870787 926.418782 918.829550 912.087310 906.176450 901.083792 896.796816 893.304696 890.598306 888.670432 887.515825 887.131312 887.515825 888.670432 890.598306 893.304696 896.796816 901.083792 906.176450 912.087310 918.829550 926.418782 934.870787 944.205092 954.437267 
928.279657 918.684698 909.970484 902.111563 895.080329 888.852973 883.408137 878.727628 874.795221 871.597004 869.121529 867.359811 866.305380 865.954337 866.305380 867.359811 869.121529 871.597004 874.795221 878.727628 883.408137 888.852973 895.080329 902.111563 909.970484 918.684698 928.279657 
903.456998 894.677971 886.746487 879.627310 873.285237 867.688813 862.811350 858.629995 855.125166 852.280160 850.081460 848.518508 847.583761 847.272683 847.583761 848.518508 850.081460 852.280160 855.125166 858.629995 862.811350 867.688813 873.285237 879.627310 886.746487 894.677971 903.456998 
880.344077 872.535055 865.525515 859.270872 853.728993 848.861354 844.636452 841.027213 838.011073 835.568857 833.685233 832.348266 831.549479 831.283781 831.549479 832.348266 833.685233 835.568857 838.011073 841.027213 844.636452 848.861354 853.728993 859.270872 865.525515 872.535055 880.344077 
859.578077 852.874393 846.909026 841.628688 836.985025 832.933023 829.436777 826.465285 823.993195 821.998979 820.465562 819.379662 818.731882 818.516580 818.731882 819.379662 820.465562 821.998979 823.993195 826.465285 829.436777 832.933023 836.985025 841.628688 846.909026 852.874393 859.578077 
840.565566 835.058774 830.225824 826.005040 822.341757 819.183969 816.490402 814.224898 812.357901 810.864094 809.723283 808.919663 808.442001 808.283530 808.442001 808.919663 809.723283 810.864094 812.357901 814.224898 816.490402 819.183969 822.341757 826.005040 830.225824 835.058774 840.565566 
823.157981 818.937865 815.359619 812.350345 809.843863 807.774088 806.085723 804.727967 803.657298 802.835231 802.229984 801.816139 801.575301 801.496270 801.575301 801.816139 802.229984 802.835231 803.657298 804.727967 806.085723 807.774088 809.843863 812.350345 815.359619 818.937865 823.157981 
800.000000 800.000000 800.000000 800.000000 800.000000 800.000000 800.000000 800.000000 800.000000 800.000000 800.000000 800.000000 800.000000 800.000000 800.000000 800.000000 800.000000 800.000000 800.000000 800.000000 800.000000 800.000000 800.000000 800.000000 800.000000 800.000000 800.000000 
