103.000000
101.000000
103.000000
102.000000
102.000000
102.000000
104.000000
102.000000
102.000000
101.000000
102.000000
102.000000
101.000000
102.000000
102.000000
103.000000
103.000000
103.000000
102.000000
102.000000
102.000000
103.000000
102.000000
103.000000
102.000000
102.000000
103.000000
102.000000
101.000000
102.000000
103.000000
103.000000
102.000000
102.000000
103.000000
102.000000
102.000000
102.000000
102.000000
102.000000
105.000000
103.000000
103.000000
102.000000
103.000000
103.000000
103.000000
102.000000
101.000000
102.000000
101.000000
103.000000
104.000000
103.000000
103.000000
103.000000
103.000000
102.000000
102.000000
102.000000
23.370000

22.327917

105.000000
102.000000
102.000000
111.000000
102.000000
102.000000
102.000000
102.000000
103.000000
103.000000
108.000000
103.000000
103.000000
102.000000
102.000000
103.000000
103.000000
102.000000
102.000000
102.000000
102.000000
104.000000
103.000000
105.000000
103.000000
103.000000
104.000000
102.000000
103.000000
103.000000
103.000000
103.000000
103.000000
102.000000
103.000000
102.000000
103.000000
103.000000
103.000000
103.000000
103.000000
102.000000
103.000000
102.000000
103.000000
103.000000
103.000000
102.000000
103.000000
103.000000
103.000000
103.000000
100.000000
101.000000
103.000000
103.000000
102.000000
102.000000
103.000000
104.000000
104.000000
23.370000

22.327917

107.000000
102.000000
103.000000
103.000000
102.000000
103.000000
104.000000
102.000000
105.000000
103.000000
103.000000
102.000000
103.000000
103.000000
103.000000
102.000000
102.000000
102.000000
103.000000
103.000000
103.000000
102.000000
102.000000
103.000000
102.000000
102.000000
103.000000
103.000000
103.000000
105.000000
112.000000
124.000000
108.000000
104.000000
107.000000
105.000000
108.000000
104.000000
106.000000
103.000000
102.000000
102.000000
103.000000
102.000000
101.000000
103.000000
103.000000
102.000000
103.000000
102.000000
105.000000
102.000000
101.000000
103.000000
103.000000
103.000000
103.000000
103.000000
102.000000
103.000000
103.000000
23.370000

22.327917

107.000000
103.000000
103.000000
103.000000
103.000000
103.000000
103.000000
102.000000
102.000000
102.000000
103.000000
103.000000
102.000000
102.000000
104.000000
101.000000
102.000000
103.000000
103.000000
103.000000
101.000000
102.000000
103.000000
102.000000
102.000000
102.000000
103.000000
101.000000
102.000000
102.000000
101.000000
101.000000
102.000000
102.000000
102.000000
102.000000
103.000000
103.000000
102.000000
103.000000
102.000000
102.000000
102.000000
103.000000
104.000000
101.000000
102.000000
102.000000
102.000000
103.000000
102.000000
103.000000
102.000000
102.000000
103.000000
103.000000
102.000000
103.000000
103.000000
103.000000
102.000000
23.370000

22.327917

106.000000
105.000000
102.000000
102.000000
103.000000
102.000000
102.000000
101.000000
102.000000
104.000000
103.000000
102.000000
103.000000
102.000000
103.000000
103.000000
103.000000
103.000000
103.000000
103.000000
103.000000
102.000000
103.000000
102.000000
103.000000
103.000000
102.000000
103.000000
103.000000
103.000000
102.000000
102.000000
102.000000
102.000000
103.000000
103.000000
102.000000
103.000000
103.000000
103.000000
101.000000
102.000000
103.000000
103.000000
102.000000
104.000000
108.000000
103.000000
103.000000
102.000000
104.000000
102.000000
103.000000
102.000000
103.000000
103.000000
103.000000
102.000000
103.000000
103.000000
103.000000
23.370000

22.327917

106.000000
102.000000
105.000000
103.000000
103.000000
103.000000
103.000000
102.000000
103.000000
103.000000
103.000000
102.000000
103.000000
103.000000
103.000000
103.000000
103.000000
103.000000
103.000000
102.000000
103.000000
103.000000
102.000000
103.000000
103.000000
102.000000
101.000000
103.000000
103.000000
103.000000
107.000000
104.000000
101.000000
103.000000
103.000000
102.000000
103.000000
103.000000
103.000000
102.000000
103.000000
103.000000
104.000000
103.000000
103.000000
103.000000
103.000000
102.000000
104.000000
101.000000
103.000000
103.000000
102.000000
103.000000
103.000000
103.000000
103.000000
103.000000
103.000000
102.000000
102.000000
23.370000

22.327917

107.000000
103.000000
103.000000
103.000000
102.000000
103.000000
103.000000
103.000000
102.000000
103.000000
100.000000
103.000000
103.000000
103.000000
103.000000
102.000000
102.000000
103.000000
103.000000
103.000000
103.000000
103.000000
103.000000
102.000000
103.000000
103.000000
103.000000
103.000000
103.000000
103.000000
103.000000
103.000000
103.000000
103.000000
104.000000
104.000000
103.000000
104.000000
102.000000
103.000000
103.000000
103.000000
103.000000
102.000000
101.000000
102.000000
103.000000
103.000000
103.000000
102.000000
103.000000
103.000000
102.000000
102.000000
102.000000
104.000000
103.000000
104.000000
101.000000
103.000000
102.000000
23.370000

22.327917

107.000000
103.000000
103.000000
102.000000
103.000000
103.000000
107.000000
102.000000
103.000000
103.000000
105.000000
103.000000
103.000000
103.000000
101.000000
103.000000
103.000000
103.000000
103.000000
103.000000
103.000000
104.000000
104.000000
102.000000
104.000000
103.000000
104.000000
101.000000
103.000000
102.000000
102.000000
103.000000
105.000000
102.000000
103.000000
103.000000
103.000000
103.000000
103.000000
103.000000
103.000000
103.000000
102.000000
103.000000
103.000000
103.000000
104.000000
103.000000
103.000000
103.000000
103.000000
103.000000
103.000000
104.000000
103.000000
103.000000
103.000000
103.000000
103.000000
103.000000
103.000000
23.370000

22.327917

107.000000
103.000000
103.000000
103.000000
103.000000
103.000000
103.000000
104.000000
102.000000
104.000000
103.000000
102.000000
103.000000
104.000000
103.000000
104.000000
102.000000
103.000000
103.000000
103.000000
103.000000
103.000000
103.000000
102.000000
103.000000
103.000000
103.000000
104.000000
104.000000
103.000000
103.000000
103.000000
103.000000
103.000000
103.000000
104.000000
103.000000
103.000000
103.000000
102.000000
103.000000
103.000000
102.000000
103.000000
104.000000
103.000000
103.000000
103.000000
103.000000
102.000000
103.000000
102.000000
102.000000
104.000000
103.000000
104.000000
103.000000
103.000000
103.000000
102.000000
103.000000
23.370000

22.327917

109.000000
103.000000
103.000000
103.000000
104.000000
103.000000
103.000000
103.000000
103.000000
103.000000
102.000000
104.000000
103.000000
102.000000
104.000000
106.000000
101.000000
103.000000
103.000000
103.000000
101.000000
103.000000
103.000000
102.000000
103.000000
103.000000
102.000000
103.000000
458.000000
103.000000
104.000000
103.000000
102.000000
103.000000
103.000000
105.000000
103.000000
102.000000
104.000000
104.000000
102.000000
102.000000
103.000000
103.000000
103.000000
102.000000
103.000000
102.000000
102.000000
102.000000
103.000000
104.000000
103.000000
102.000000
102.000000
102.000000
103.000000
